0 0.3121375724855029 0.23476112026359144 0.038578284343131375 0.054913509060955525
0 0.20583883223355331 0.2155395387149918 0.02194361127774445 0.030201812191103787
0 0.11886622675464908 0.29928747940691924 0.014633073385322937 0.04118616144975288
0 0.12853029394121177 0.7392915980230642 0.020627874425114975 0.03706754530477759
0 0.27381723655268947 0.7097734761120263 0.03258948210357928 0.0439332784184514
0 0.2921455708858228 0.6685873146622734 0.021255748850229954 0.02471169686985173
0 0.2051729654069186 0.6287767710049423 0.013945210957808438 0.01922158154859967
0 0.1445250949810038 0.8401976935749588 0.019292141571685663 0.02745881383855025
0 0.7539912017596481 0.14827018121911037 0.14110777844431113 0.0631507413509061
0 0.6926834633073385 0.2285831960461285 0.019828034393121374 0.031577429983525536
0 0.5997120575884822 0.364497528830313 0.02584883023395321 0.05079489291598023