0 0.2896470588235294 0.5831054131054131 0.021870588235294117 0.04937321937321937
0 0.2672941176470588 0.5963817663817664 0.014811764705882352 0.05319088319088319
0 0.2088705882352941 0.5821367521367522 0.02031764705882353 0.05128205128205128
0 0.20298823529411764 0.6609686609686609 0.028941176470588238 0.09116809116809117
0 0.32023529411764706 0.547948717948718 0.01871764705882353 0.05507122507122507
0 0.31435294117647056 0.6153846153846154 0.018129411764705883 0.03797720797720798
0 0.31670588235294117 0.6676068376068376 0.018129411764705883 0.0360968660968661
0 0.12025882352941177 0.6201424501424501 0.023470588235294118 0.05507122507122507
0 0.1637764705882353 0.5280056980056981 0.019541176470588235 0.04937321937321937
0 0.15123529411764708 0.43495726495726494 0.027388235294117647 0.06076923076923076
0 0.17828235294117645 0.7113105413105413 0.028164705882352942 0.06646723646723646